K-fold: 4
Iterations: 500
precision :1.00000   recall:1.00000   f1_score:1.00000
{'rouge-1': {'r': 0.2919621555531164, 'p': 0.31571373787859686, 'f': 0.27057750889367815}, 'rouge-2': {'r': 0.2501539559104528, 'p': 0.2635633092659049, 'f': 0.2259911715207444}, 'rouge-l': {'r': 0.29003392047780235, 'p': 0.31341624302788873, 'f': 0.268902106302675}}
