K-fold: 5
Iterations: 500
precision :0.99124	 recall:0.99124	 f1_score:0.99124
{'rouge-1': {'r': 0.2486084110053695, 'p': 0.26697267546569603, 'f': 0.2167058508373469}, 'rouge-2': {'r': 0.20391173004751068, 'p': 0.190736687110746, 'f': 0.16894691479852603}, 'rouge-l': {'r': 0.24618636357660464, 'p': 0.2635141505425595, 'f': 0.2142241692319493}}
