K-fold: 1
Iterations: 500
precision :1.00000	 recall:1.00000	 f1_score:1.00000
{'rouge-1': {'r': 0.27441223092530337, 'p': 0.3116865176471749, 'f': 0.25750166790085155}, 'rouge-2': {'r': 0.23077470675051887, 'p': 0.25294931093934253, 'f': 0.21206293212896785}, 'rouge-l': {'r': 0.2718836540970464, 'p': 0.30827534659690764, 'f': 0.2550459060323397}}
