K-fold: 4
Iterations: 500
precision :1.00000   recall:1.00000   f1_score:1.00000
{'rouge-1': {'r': 0.26634457627215474, 'p': 0.2595280554563807, 'f': 0.2489441922014663 }, 'rouge-2': {'r': 0.16112248782142652, 'p': 0.15161934498671054, 'f': 0.15331749391727498 }, 'rouge-l': {'r': 0.2405574236545381, 'p': 0.234822518059499, 'f': 0.22614398733526095 }}
