K-fold: 1
Iterations: 500
precision :0.99920	 recall:0.99920	 f1_score:0.99920
{'rouge-1': {'r': 0.27980792175950514, 'p': 0.3077233030138246, 'f': 0.2537832567486106}, 'rouge-2': {'r': 0.23478526729861812, 'p': 0.24225845659901224, 'f': 0.20719423818385982}, 'rouge-l': {'r': 0.27722570587438805, 'p': 0.3046295985738595, 'f': 0.25135360818156915}}
