K-fold: 2
Iterations: 500
precision :0.99364	 recall:0.99364	 f1_score:0.99364
{'rouge-1': {'r': 0.2711648431682211, 'p': 0.2896790064740835, 'f': 0.24375678253146024}, 'rouge-2': {'r': 0.22949011066586095, 'p': 0.22523817981584046, 'f': 0.1984036125498306}, 'rouge-l': {'r': 0.26841218208990625, 'p': 0.28649139894334985, 'f': 0.24122921409069553}}
