K-fold: 3
Iterations: 500
precision :0.99443	 recall:0.99443	 f1_score:0.99443
{'rouge-1': {'r': 0.28666905028318856, 'p': 0.2958712916287212, 'f': 0.2524049078946366}, 'rouge-2': {'r': 0.24857778384813342, 'p': 0.23089424533043, 'f': 0.20975091069123428}, 'rouge-l': {'r': 0.2838568869418957, 'p': 0.29289636065711155, 'f': 0.24989970094011638}}
