K-fold: 2
Iterations: 500
precision :1.00000	 recall:1.00000	 f1_score:1.00000
{'rouge-1': {'r': 0.28271089843793906, 'p': 0.30631608747899686, 'f': 0.2620299900773436}, 'rouge-2': {'r': 0.23260326486931412, 'p': 0.24365582758579887, 'f': 0.21104216599138997}, 'rouge-l': {'r': 0.279266673886488, 'p': 0.30233728371451657, 'f': 0.25883393982242014}}
