K-fold: 3
Iterations: 500
precision :0.99920	 recall:0.99920	 f1_score:0.99920
{'rouge-1': {'r': 0.30206531021364863, 'p': 0.32864857216667487, 'f': 0.2819309456861465}, 'rouge-2': {'r': 0.2538290252277477, 'p': 0.27158012177729823, 'f': 0.23408201456661185}, 'rouge-l': {'r': 0.2985549430945586, 'p': 0.32516468230565726, 'f': 0.2789039555733456}}
