K-fold: 4
Iterations: 500
precision :0.98885	 recall:0.98885	 f1_score:0.98885
{'rouge-1': {'r': 0.2719457648140933, 'p': 0.29373548813102274, 'f': 0.24415185287033547}, 'rouge-2': {'r': 0.22937911211038597, 'p': 0.22305151929200617, 'f': 0.1975913181047266}, 'rouge-l': {'r': 0.2698562866412056, 'p': 0.29153630485247445, 'f': 0.24235442909263294}}
