K-fold: 3
Iterations: 500
precision :0.99593	 recall:0.99593	 f1_score:0.99593
{'rouge-1': {'r': 0.20418778084539033, 'p': 0.21452484428999583, 'f': 0.18616570140028882}, 'rouge-2': {'r': 0.1493320260856867, 'p': 0.1336161843813874, 'f': 0.13690521280790932}, 'rouge-l': {'r': 0.19040206433736762, 'p': 0.2024491223107046, 'f': 0.1743661224877579}}
