K-fold: 5
Iterations: 500
precision :0.99390	 recall:0.99390	 f1_score:0.99390
{'rouge-1': {'r': 0.17306593711822335, 'p': 0.1907088690040841, 'f': 0.15488551096911168}, 'rouge-2': {'r': 0.11088275035874044, 'p': 0.09541256483508832, 'f': 0.09908756659353349}, 'rouge-l': {'r': 0.1570195215393818, 'p': 0.17645259786855197, 'f': 0.14135148119675192}}
