K-fold: 2
Iterations: 500
precision :0.98779	 recall:0.98779	 f1_score:0.98779
{'rouge-1': {'r': 0.30943457353074694, 'p': 0.2891986869632531, 'f': 0.28612347581621145}, 'rouge-2': {'r': 0.21413608445636004, 'p': 0.19921053063585234, 'f': 0.20274107797274388}, 'rouge-l': {'r': 0.2876665822567659, 'p': 0.26941048554936997, 'f': 0.2670717854290476}}
