K-fold: 4
Iterations: 500
precision :0.94182	 recall:0.94182	 f1_score:0.94182
{'rouge-1': {'r': 0.2084839073181668, 'p': 0.2432666786207761, 'f': 0.1702648007209908}, 'rouge-2': {'r': 0.15098232951396745, 'p': 0.11786485866712282, 'f': 0.11254969821213771}, 'rouge-l': {'r': 0.19708975079054514, 'p': 0.23230219319722284, 'f': 0.1603884451585316}}
