K-fold: 1
Iterations: 500
precision :0.99085	 recall:0.99085	 f1_score:0.99085
{'rouge-1': {'r': 0.19822842873521918, 'p': 0.22225403810654373, 'f': 0.1783032328302692}, 'rouge-2': {'r': 0.14394064733069975, 'p': 0.1323884007621304, 'f': 0.1326318957757364}, 'rouge-l': {'r': 0.18553350874713223, 'p': 0.21298713774080766, 'f': 0.168610643432539}}
