K-fold: 4
Iterations: 500
precision :0.99797	 recall:0.99797	 f1_score:0.99797
{'rouge-1': {'r': 0.15965186695120293, 'p': 0.17437641955366462, 'f': 0.13839901063846402}, 'rouge-2': {'r': 0.10569831330513599, 'p': 0.08686880531886478, 'f': 0.09100533702757989}, 'rouge-l': {'r': 0.1456877929747325, 'p': 0.16347244500540228, 'f': 0.12722003443000748}}
