K-fold: 5
Iterations: 500
precision :0.94945	 recall:0.94945	 f1_score:0.94945
{'rouge-1': {'r': 0.20316213922875925, 'p': 0.2633366578649262, 'f': 0.17528836287241578}, 'rouge-2': {'r': 0.14720422089303617, 'p': 0.13571249332081844, 'f': 0.1167089223257941}, 'rouge-l': {'r': 0.19318645985717176, 'p': 0.25282695709265546, 'f': 0.16623453595729323}}
