K-fold: 3
Iterations: 500
precision :0.97475	 recall:0.97475	 f1_score:0.97475
{'rouge-1': {'r': 0.2744265072121317, 'p': 0.3020287581322376, 'f': 0.23020704008692086}, 'rouge-2': {'r': 0.20969679507281352, 'p': 0.17979186888037688, 'f': 0.1643364850803914}, 'rouge-l': {'r': 0.2624809920910647, 'p': 0.2894648797110698, 'f': 0.21929403051950364}}
