K-fold: 4
Iterations: 500
precision :0.98576	 recall:0.98576	 f1_score:0.98576
{'rouge-1': {'r': 0.2741161426425498, 'p': 0.2607856603173798, 'f': 0.25503444803258263}, 'rouge-2': {'r': 0.17130051745513367, 'p': 0.15914746533597512, 'f': 0.16193692601773624}, 'rouge-l': {'r': 0.24710339808008283, 'p': 0.23575512419547978, 'f': 0.23123455967700304}}
