K-fold: 2
Iterations: 500
precision :0.96926	 recall:0.96926	 f1_score:0.96926
{'rouge-1': {'r': 0.2483592578548757, 'p': 0.2687350527838154, 'f': 0.20369640042761514}, 'rouge-2': {'r': 0.18684951903024863, 'p': 0.1559342034086428, 'f': 0.1473187576006743}, 'rouge-l': {'r': 0.23808199579019473, 'p': 0.2602053520981987, 'f': 0.19558114608285646}}
