K-fold: 1
Iterations: 500
precision :0.97146	 recall:0.97146	 f1_score:0.97146
{'rouge-1': {'r': 0.2848525515826902, 'p': 0.2995362957722429, 'f': 0.23473384447246684}, 'rouge-2': {'r': 0.22732952527889377, 'p': 0.18086659204675753, 'f': 0.17805620306410025}, 'rouge-l': {'r': 0.27635735377946397, 'p': 0.2916334314543479, 'f': 0.22748262922075002}}
