K-fold: 1
Iterations: 500
precision :0.97459	 recall:0.97459	 f1_score:0.97459
{'rouge-1': {'r': 0.3272863385706921, 'p': 0.2879797554179045, 'f': 0.29278722233509125}, 'rouge-2': {'r': 0.22569078119619518, 'p': 0.20673249114413275, 'f': 0.21135925558781826}, 'rouge-l': {'r': 0.30430863247436235, 'p': 0.27008166900791886, 'f': 0.2746715649050427}}
