K-fold: 3
Iterations: 500
precision :0.98678	 recall:0.98678	 f1_score:0.98678
{'rouge-1': {'r': 0.30559367421217387, 'p': 0.2880311130233378, 'f': 0.2842033969389519}, 'rouge-2': {'r': 0.21212191022423546, 'p': 0.1959698568856673, 'f': 0.19979343642353692}, 'rouge-l': {'r': 0.2824793442878903, 'p': 0.2666954694573414, 'f': 0.2638803946735529}}
