K-fold: 2
Iterations: 500
precision :0.99084	 recall:0.99084	 f1_score:0.99084
{'rouge-1': {'r': 0.17371344933039068, 'p': 0.2013523131439261, 'f': 0.15295895548459504}, 'rouge-2': {'r': 0.12387651558983788, 'p': 0.10657820096726978, 'f': 0.11068718728405301}, 'rouge-l': {'r': 0.1621849963348893, 'p': 0.19275491525465366, 'f': 0.14405792145543755}}
